100
8 50
74 59
31 73
45 79
24 10
41 66
93 43
88 4
28 30
41 13
4 70
10 58
61 34
100 79
17 36
98 27
13 68
11 34
80 50
80 22
68 73
94 37
86 46
29 92
95 58
2 54
9 45
69 91
25 97
31 4
23 67
50 25
2 54
78 9
29 34
99 82
36 14
66 15
64 37
26 70
16 95
30 2
18 96
6 5
52 99
89 24
6 83
53 67
17 38
39 45
2 98
72 29
38 59
78 98
95 5
10 32
46 76
36 99
43 100
69 13
61 58
95 9
96 69
14 31
7 63
43 66
83 53
68 22
96 13
72 2
91 32
39 58
17 91
41 80
36 7
73 99
96 20
55 24
90 61
6 27
24 7
14 71
39 95
21 45
67 35
27 95
64 39
45 91
51 60
24 48
86 18
73 40
48 86
97 86
24 21
45 69
36 16
26 35
43 12
80 53